testdata/asciidata/test.asc
ncols 62
nrows 62
xllcorner   0.00
yllcorner   0.00
CELLSIZE  10.00
NODATA_VALUE -30000
[rows 0 to 38 of 62, columns 0 to 61 of 62]
500.00 500.00 500.00 500.00 500.00 500.00 500.00 500.00 500.00 500.00 500.00 500.00 500.00 500.00 500.00 500.00 500.00 500.00 500.00 500.00 500.00 500.00 500.00 500.00 500.00 500.00 500.00 500.00 500.00 500.00 500.00 500.00 500.00 500.00 500.00 500.00 500.00 500.00 500.00 500.00 500.00 500.00 500.00 500.00 500.00 500.00 500.00 500.00 500.00 500.00 500.00 500.00 500.00 500.00 500.00 500.00 500.00 500.00 500.00 500.00 500.00 500.00
916.70 916.70 916.70 916.70 916.70 916.70 916.70 916.70 916.70 916.70 916.70 916.70 916.70 916.70 916.70 916.70 916.70 916.70 916.70 916.70 916.70 916.70 916.70 916.70 916.70 916.70 916.70 916.70 916.70 916.70 916.70 916.70 916.70 916.70 916.70 916.70 916.70 916.70 916.70 916.70 916.70 916.70 916.70 916.70 916.70 916.70 916.70 916.70 916.70 916.70 916.70 916.70 916.70 916.70 916.70 916.70 916.70 916.70 916.70 916.70 916.70 916.70
966.13 966.13 966.13 966.13 966.13 966.13 966.13 966.13 966.13 966.13 966.13 966.13 966.13 966.13 966.13 966.13 966.13 966.13 966.13 966.13 966.13 966.13 966.13 966.13 966.13 966.13 966.13 966.13 966.13 966.13 966.13 966.13 966.13 966.13 966.13 966.13 966.13 966.13 966.13 966.13 966.13 966.13 966.13 966.13 966.13 966.13 966.13 966.13 966.13 966.13 966.13 966.13 966.13 966.13 966.13 966.13 966.13 966.13 966.13 966.13 966.13 966.13
635.47 635.47 635.47 635.47 635.47 635.47 635.47 635.47 635.47 635.47 635.47 635.47 635.47 635.47 635.47 635.47 635.47 635.47 635.47 635.47 635.47 635.47 635.47 635.47 635.47 635.47 635.47 635.47 635.47 635.47 635.47 635.47 635.47 635.47 635.47 635.47 635.47 635.47 635.47 635.47 635.47 635.47 635.47 635.47 635.47 635.47 635.47 635.47 635.47 635.47 635.47 635.47 635.47 635.47 635.47 635.47 635.47 635.47 635.47 635.47 635.47 635.47
208.53 208.53 208.53 208.53 208.53 208.53 208.53 208.53 208.53 208.53 208.53 208.53 208.53 208.53 208.53 208.53 208.53 208.53 208.53 208.53 208.53 208.53 208.53 208.53 208.53 208.53 208.53 208.53 208.53 208.53 208.53 208.53 208.53 208.53 208.53 208.53 208.53 208.53 208.53 208.53 208.53 208.53 208.53 208.53 208.53 208.53 208.53 208.53 208.53 208.53 208.53 208.53 208.53 208.53 208.53 208.53 208.53 208.53 208.53 208.53 208.53 208.53
1.65 1.65 1.65 1.65 1.65 1.65 1.65 1.65 1.65 1.65 1.65 1.65 1.65 1.65 1.65 1.65 1.65 1.65 1.65 1.65 1.65 1.65 1.65 1.65 1.65 1.65 1.65 1.65 1.65 1.65 1.65 1.65 1.65 1.65 1.65 1.65 1.65 1.65 1.65 1.65 1.65 1.65 1.65 1.65 1.65 1.65 1.65 1.65 1.65 1.65 1.65 1.65 1.65 1.65 1.65 1.65 1.65 1.65 1.65 1.65 1.65 1.65
136.37 136.37 136.37 136.37 136.37 136.37 136.37 136.37 136.37 136.37 136.37 136.37 136.37 136.37 136.37 136.37 136.37 136.37 136.37 136.37 136.37 136.37 136.37 136.37 136.37 136.37 136.37 136.37 136.37 136.37 136.37 136.37 136.37 136.37 136.37 136.37 136.37 136.37 136.37 136.37 136.37 136.37 136.37 136.37 136.37 136.37 136.37 136.37 136.37 136.37 136.37 136.37 136.37 136.37 136.37 136.37 136.37 136.37 136.37 136.37 136.37 136.37
496.93 496.93 496.93 496.93 496.93 496.93 496.93 496.93 496.93 496.93 496.93 496.93 496.93 496.93 496.93 496.93 496.93 496.93 496.93 496.93 496.93 496.93 496.93 496.93 496.93 496.93 496.93 496.93 496.93 496.93 496.93 496.93 496.93 496.93 496.93 496.93 496.93 496.93 496.93 496.93 496.93 496.93 496.93 496.93 496.93 496.93 496.93 496.93 496.93 496.93 496.93 496.93 496.93 496.93 496.93 496.93 496.93 496.93 496.93 496.93 496.93 496.93
848.98 848.98 848.98 848.98 848.98 848.98 848.98 848.98 848.98 848.98 848.98 848.98 848.98 848.98 848.98 848.98 848.98 848.98 848.98 848.98 848.98 848.98 848.98 848.98 848.98 848.98 848.98 848.98 848.98 848.98 848.98 848.98 848.98 848.98 848.98 848.98 848.98 848.98 848.98 848.98 848.98 848.98 848.98 848.98 848.98 848.98 848.98 848.98 848.98 848.98 848.98 848.98 848.98 848.98 848.98 848.98 848.98 848.98 848.98 848.98 848.98 848.98
999.40 999.40 999.40 999.40 999.40 999.40 999.40 999.40 999.40 999.40 999.40 999.40 999.40 999.40 999.40 999.40 999.40 999.40 999.40 999.40 999.40 999.40 999.40 999.40 999.40 999.40 999.40 999.40 999.40 999.40 999.40 999.40 999.40 999.40 999.40 999.40 999.40 999.40 999.40 999.40 999.40 999.40 999.40 999.40 999.40 999.40 999.40 999.40 999.40 999.40 999.40 999.40 999.40 999.40 999.40 999.40 999.40 999.40 999.40 999.40 999.40 999.40
891.72 891.72 891.72 891.72 891.72 891.72 891.72 891.72 891.72 891.72 891.72 891.72 891.72 891.72 891.72 891.72 891.72 891.72 891.72 891.72 891.72 891.72 891.72 891.72 891.72 891.72 891.72 891.72 891.72 891.72 891.72 891.72 891.72 891.72 891.72 891.72 891.72 891.72 891.72 891.72 891.72 891.72 891.72 891.72 891.72 891.72 891.72 891.72 891.72 891.72 891.72 891.72 891.72 891.72 891.72 891.72 891.72 891.72 891.72 891.72 891.72 891.72
604.24 604.24 604.24 604.24 604.24 604.24 604.24 604.24 604.24 604.24 604.24 604.24 604.24 604.24 604.24 604.24 604.24 604.24 604.24 604.24 604.24 604.24 604.24 604.24 604.24 604.24 604.24 604.24 604.24 604.24 604.24 604.24 604.24 604.24 604.24 604.24 604.24 604.24 604.24 604.24 604.24 604.24 604.24 604.24 604.24 604.24 604.24 604.24 604.24 604.24 604.24 604.24 604.24 604.24 604.24 604.24 604.24 604.24 604.24 604.24 604.24 604.24
282.23 282.23 282.23 282.23 282.23 282.23 282.23 282.23 282.23 282.23 282.23 282.23 282.23 282.23 282.23 282.23 282.23 282.23 282.23 282.23 282.23 282.23 282.23 282.23 282.23 282.23 282.23 282.23 282.23 282.23 282.23 282.23 282.23 282.23 282.23 282.23 282.23 282.23 282.23 282.23 282.23 282.23 282.23 282.23 282.23 282.23 282.23 282.23 282.23 282.23 282.23 282.23 282.23 282.23 282.23 282.23 282.23 282.23 282.23 282.23 282.23 282.23
58.60 58.60 58.60 58.60 58.60 58.60 58.60 58.60 58.60 58.60 58.60 58.60 58.60 58.60 58.60 58.60 58.60 58.60 58.60 58.60 58.60 58.60 58.60 58.60 58.60 58.60 58.60 58.60 58.60 58.60 58.60 58.60 58.60 58.60 58.60 58.60 58.60 58.60 58.60 58.60 58.60 58.60 58.60 58.60 58.60 58.60 58.60 58.60 58.60 58.60 58.60 58.60 58.60 58.60 58.60 58.60 58.60 58.60 58.60 58.60 58.60 58.60
3.17 3.17 3.17 3.17 3.17 3.17 3.17 3.17 3.17 3.17 3.17 3.17 3.17 3.17 3.17 3.17 3.17 3.17 3.17 3.17 3.17 3.17 3.17 3.17 3.17 3.17 3.17 3.17 3.17 3.17 3.17 3.17 3.17 3.17 3.17 3.17 3.17 3.17 3.17 3.17 3.17 3.17 3.17 3.17 3.17 3.17 3.17 3.17 3.17 3.17 3.17 3.17 3.17 3.17 3.17 3.17 3.17 3.17 3.17 3.17 3.17 3.17
112.71 112.71 112.71 112.71 112.71 112.71 112.71 112.71 112.71 112.71 112.71 112.71 112.71 112.71 112.71 112.71 112.71 112.71 112.71 112.71 112.71 112.71 112.71 112.71 112.71 112.71 112.71 112.71 112.71 112.71 112.71 112.71 112.71 112.71 112.71 112.71 112.71 112.71 112.71 112.71 112.71 112.71 112.71 112.71 112.71 112.71 112.71 112.71 112.71 112.71 112.71 112.71 112.71 112.71 112.71 112.71 112.71 112.71 112.71 112.71 112.71 112.71
331.65 331.65 331.65 331.65 331.65 331.65 331.65 331.65 331.65 331.65 331.65 331.65 331.65 331.65 331.65 331.65 331.65 331.65 331.65 331.65 331.65 331.65 331.65 331.65 331.65 331.65 331.65 331.65 331.65 331.65 331.65 331.65 331.65 331.65 331.65 331.65 331.65 331.65 331.65 331.65 331.65 331.65 331.65 331.65 331.65 331.65 331.65 331.65 331.65 331.65 331.65 331.65 331.65 331.65 331.65 331.65 331.65 331.65 331.65 331.65 331.65 331.65
584.44 584.44 584.44 584.44 584.44 584.44 584.44 584.44 584.44 584.44 584.44 584.44 584.44 584.44 584.44 584.44 584.44 584.44 584.44 584.44 584.44 584.44 584.44 584.44 584.44 584.44 584.44 584.44 584.44 584.44 584.44 584.44 584.44 584.44 584.44 584.44 584.44 584.44 584.44 584.44 584.44 584.44 584.44 584.44 584.44 584.44 584.44 584.44 584.44 584.44 584.44 584.44 584.44 584.44 584.44 584.44 584.44 584.44 584.44 584.44 584.44 584.44
803.91 803.91 803.91 803.91 803.91 803.91 803.91 803.91 803.91 803.91 803.91 803.91 803.91 803.91 803.91 803.91 803.91 803.91 803.91 803.91 803.91 803.91 803.91 803.91 803.91 803.91 803.91 803.91 803.91 803.91 803.91 803.91 803.91 803.91 803.91 803.91 803.91 803.91 803.91 803.91 803.91 803.91 803.91 803.91 803.91 803.91 803.91 803.91 803.91 803.91 803.91 803.91 803.91 803.91 803.91 803.91 803.91 803.91 803.91 803.91 803.91 803.91
947.27 947.27 947.27 947.27 947.27 947.27 947.27 947.27 947.27 947.27 947.27 947.27 947.27 947.27 947.27 947.27 947.27 947.27 947.27 947.27 947.27 947.27 947.27 947.27 947.27 947.27 947.27 947.27 947.27 947.27 947.27 947.27 947.27 947.27 947.27 947.27 947.27 947.27 947.27 947.27 947.27 947.27 947.27 947.27 947.27 947.27 947.27 947.27 947.27 947.27 947.27 947.27 947.27 947.27 947.27 947.27 947.27 947.27 947.27 947.27 947.27 947.27
999.62 999.62 999.62 999.62 999.62 999.62 999.62 999.62 999.62 999.62 999.62 999.62 999.62 999.62 999.62 999.62 999.62 999.62 999.62 999.62 999.62 999.62 999.62 999.62 999.62 999.62 999.62 999.62 999.62 999.62 999.62 999.62 999.62 999.62 999.62 999.62 999.62 999.62 999.62 999.62 999.62 999.62 999.62 999.62 999.62 999.62 999.62 999.62 999.62 999.62 999.62 999.62 999.62 999.62 999.62 999.62 999.62 999.62 999.62 999.62 999.62 999.62
968.60 968.60 968.60 968.60 968.60 968.60 968.60 968.60 968.60 968.60 968.60 968.60 968.60 968.60 968.60 968.60 968.60 968.60 968.60 968.60 968.60 968.60 968.60 968.60 968.60 968.60 968.60 968.60 968.60 968.60 968.60 968.60 968.60 968.60 968.60 968.60 968.60 968.60 968.60 968.60 968.60 968.60 968.60 968.60 968.60 968.60 968.60 968.60 968.60 968.60 968.60 968.60 968.60 968.60 968.60 968.60 968.60 968.60 968.60 968.60 968.60 968.60
875.29 875.29 875.29 875.29 875.29 875.29 875.29 875.29 875.29 875.29 875.29 875.29 875.29 875.29 875.29 875.29 875.29 875.29 875.29 875.29 875.29 875.29 875.29 875.29 875.29 875.29 875.29 875.29 875.29 875.29 875.29 875.29 875.29 875.29 875.29 875.29 875.29 875.29 875.29 875.29 875.29 875.29 875.29 875.29 875.29 875.29 875.29 875.29 875.29 875.29 875.29 875.29 875.29 875.29 875.29 875.29 875.29 875.29 875.29 875.29 875.29 875.29
745.34 745.34 745.34 745.34 745.34 745.34 745.34 745.34 745.34 745.34 745.34 745.34 745.34 745.34 745.34 745.34 745.34 745.34 745.34 745.34 745.34 745.34 745.34 745.34 745.34 745.34 745.34 745.34 745.34 745.34 745.34 745.34 745.34 745.34 745.34 745.34 745.34 745.34 745.34 745.34 745.34 745.34 745.34 745.34 745.34 745.34 745.34 745.34 745.34 745.34 745.34 745.34 745.34 745.34 745.34 745.34 745.34 745.34 745.34 745.34 745.34 745.34
602.43 602.43 602.43 602.43 602.43 602.43 602.43 602.43 602.43 602.43 602.43 602.43 602.43 602.43 602.43 602.43 602.43 602.43 602.43 602.43 602.43 602.43 602.43 602.43 602.43 602.43 602.43 602.43 602.43 602.43 602.43 602.43 602.43 602.43 602.43 602.43 602.43 602.43 602.43 602.43 602.43 602.43 602.43 602.43 602.43 602.43 602.43 602.43 602.43 602.43 602.43 602.43 602.43 602.43 602.43 602.43 602.43 602.43 602.43 602.43 602.43 602.43
464.67 464.67 464.67 464.67 464.67 464.67 464.67 464.67 464.67 464.67 464.67 464.67 464.67 464.67 464.67 464.67 464.67 464.67 464.67 464.67 464.67 464.67 464.67 464.67 464.67 464.67 464.67 464.67 464.67 464.67 464.67 464.67 464.67 464.67 464.67 464.67 464.67 464.67 464.67 464.67 464.67 464.67 464.67 464.67 464.67 464.67 464.67 464.67 464.67 464.67 464.67 464.67 464.67 464.67 464.67 464.67 464.67 464.67 464.67 464.67 464.67 464.67
343.54 343.54 343.54 343.54 343.54 343.54 343.54 343.54 343.54 343.54 343.54 343.54 343.54 343.54 343.54 343.54 343.54 343.54 343.54 343.54 343.54 343.54 343.54 343.54 343.54 343.54 343.54 343.54 343.54 343.54 343.54 343.54 343.54 343.54 343.54 343.54 343.54 343.54 343.54 343.54 343.54 343.54 343.54 343.54 343.54 343.54 343.54 343.54 343.54 343.54 343.54 343.54 343.54 343.54 343.54 343.54 343.54 343.54 343.54 343.54 343.54 343.54
244.52 244.52 244.52 244.52 244.52 244.52 244.52 244.52 244.52 244.52 244.52 244.52 244.52 244.52 244.52 244.52 244.52 244.52 244.52 244.52 244.52 244.52 244.52 244.52 244.52 244.52 244.52 244.52 244.52 244.52 244.52 244.52 244.52 244.52 244.52 244.52 244.52 244.52 244.52 244.52 244.52 244.52 244.52 244.52 244.52 244.52 244.52 244.52 244.52 244.52 244.52 244.52 244.52 244.52 244.52 244.52 244.52 244.52 244.52 244.52 244.52 244.52
168.50 168.50 168.50 168.50 168.50 168.50 168.50 168.50 168.50 168.50 168.50 168.50 168.50 168.50 168.50 168.50 168.50 168.50 168.50 168.50 168.50 168.50 168.50 168.50 168.50 168.50 168.50 168.50 168.50 168.50 168.50 168.50 168.50 168.50 168.50 168.50 168.50 168.50 168.50 168.50 168.50 168.50 168.50 168.50 168.50 168.50 168.50 168.50 168.50 168.50 168.50 168.50 168.50 168.50 168.50 168.50 168.50 168.50 168.50 168.50 168.50 168.50
113.41 113.41 113.41 113.41 113.41 113.41 113.41 113.41 113.41 113.41 113.41 113.41 113.41 113.41 113.41 113.41 113.41 113.41 113.41 113.41 113.41 113.41 113.41 113.41 113.41 113.41 113.41 113.41 113.41 113.41 113.41 113.41 113.41 113.41 113.41 113.41 113.41 113.41 113.41 113.41 113.41 113.41 113.41 113.41 113.41 113.41 113.41 113.41 113.41 113.41 113.41 113.41 113.41 113.41 113.41 113.41 113.41 113.41 113.41 113.41 113.41 113.41
75.70 75.70 75.70 75.70 75.70 75.70 75.70 75.70 75.70 75.70 75.70 75.70 75.70 75.70 75.70 75.70 75.70 75.70 75.70 75.70 75.70 75.70 75.70 75.70 75.70 75.70 75.70 75.70 75.70 75.70 75.70 75.70 75.70 75.70 75.70 75.70 75.70 75.70 75.70 75.70 75.70 75.70 75.70 75.70 75.70 75.70 75.70 75.70 75.70 75.70 75.70 75.70 75.70 75.70 75.70 75.70 75.70 75.70 75.70 75.70 75.70 75.70
51.41 51.41 51.41 51.41 51.41 51.41 51.41 51.41 51.41 51.41 51.41 51.41 51.41 51.41 51.41 51.41 51.41 51.41 51.41 51.41 51.41 51.41 51.41 51.41 51.41 51.41 51.41 51.41 51.41 51.41 51.41 51.41 51.41 51.41 51.41 51.41 51.41 51.41 51.41 51.41 51.41 51.41 51.41 51.41 51.41 51.41 51.41 51.41 51.41 51.41 51.41 51.41 51.41 51.41 51.41 51.41 51.41 51.41 51.41 51.41 51.41 51.41
36.97 36.97 36.97 36.97 36.97 36.97 36.97 36.97 36.97 36.97 36.97 36.97 36.97 36.97 36.97 36.97 36.97 36.97 36.97 36.97 36.97 36.97 36.97 36.97 36.97 36.97 36.97 36.97 36.97 36.97 36.97 36.97 36.97 36.97 36.97 36.97 36.97 36.97 36.97 36.97 36.97 36.97 36.97 36.97 36.97 36.97 36.97 36.97 36.97 36.97 36.97 36.97 36.97 36.97 36.97 36.97 36.97 36.97 36.97 36.97 36.97 36.97
29.63 29.63 29.63 29.63 29.63 29.63 29.63 29.63 29.63 29.63 29.63 29.63 29.63 29.63 29.63 29.63 29.63 29.63 29.63 29.63 29.63 29.63 29.63 29.63 29.63 29.63 29.63 29.63 29.63 29.63 29.63 29.63 29.63 29.63 29.63 29.63 29.63 29.63 29.63 29.63 29.63 29.63 29.63 29.63 29.63 29.63 29.63 29.63 29.63 29.63 29.63 29.63 29.63 29.63 29.63 29.63 29.63 29.63 29.63 29.63 29.63 29.63
27.71 27.71 27.71 27.71 27.71 27.71 27.71 27.71 27.71 27.71 27.71 27.71 27.71 27.71 27.71 27.71 27.71 27.71 27.71 27.71 27.71 27.71 27.71 27.71 27.71 27.71 27.71 27.71 27.71 27.71 27.71 27.71 27.71 27.71 27.71 27.71 27.71 27.71 27.71 27.71 27.71 27.71 27.71 27.71 27.71 27.71 27.71 27.71 27.71 27.71 27.71 27.71 27.71 27.71 27.71 27.71 27.71 27.71 27.71 27.71 27.71 27.71
30.75 30.75 30.75 30.75 30.75 30.75 30.75 30.75 30.75 30.75 30.75 30.75 30.75 30.75 30.75 30.75 30.75 30.75 30.75 30.75 30.75 30.75 30.75 30.75 30.75 30.75 30.75 30.75 30.75 30.75 30.75 30.75 30.75 30.75 30.75 30.75 30.75 30.75 30.75 30.75 30.75 30.75 30.75 30.75 30.75 30.75 30.75 30.75 30.75 30.75 30.75 30.75 30.75 30.75 30.75 30.75 30.75 30.75 30.75 30.75 30.75 30.75
39.48 39.48 39.48 39.48 39.48 39.48 39.48 39.48 39.48 39.48 39.48 39.48 39.48 39.48 39.48 39.48 39.48 39.48 39.48 39.48 39.48 39.48 39.48 39.48 39.48 39.48 39.48 39.48 39.48 39.48 39.48 39.48 39.48 39.48 39.48 39.48 39.48 39.48 39.48 39.48 39.48 39.48 39.48 39.48 39.48 39.48 39.48 39.48 39.48 39.48 39.48 39.48 39.48 39.48 39.48 39.48 39.48 39.48 39.48 39.48 39.48 39.48
55.84 55.84 55.84 55.84 55.84 55.84 55.84 55.84 55.84 55.84 55.84 55.84 55.84 55.84 55.84 55.84 55.84 55.84 55.84 55.84 55.84 55.84 55.84 55.84 55.84 55.84 55.84 55.84 55.84 55.84 55.84 55.84 55.84 55.84 55.84 55.84 55.84 55.84 55.84 55.84 55.84 55.84 55.84 55.84 55.84 55.84 55.84 55.84 55.84 55.84 55.84 55.84 55.84 55.84 55.84 55.84 55.84 55.84 55.84 55.84 55.84 55.84
82.78 82.78 82.78 82.78 82.78 82.78 82.78 82.78 82.78 82.78 82.78 82.78 82.78 82.78 82.78 82.78 82.78 82.78 82.78 82.78 82.78 82.78 82.78 82.78 82.78 82.78 82.78 82.78 82.78 82.78 82.78 82.78 82.78 82.78 82.78 82.78 82.78 82.78 82.78 82.78 82.78 82.78 82.78 82.78 82.78 82.78 82.78 82.78 82.78 82.78 82.78 82.78 82.78 82.78 82.78 82.78 82.78 82.78 82.78 82.78 82.78 82.78
